# x t U_fused (best random λ per-pixel)
0.000000 0.000000 0.641633
0.143000 0.000000 0.761840
0.571000 0.000000 0.691529
1.000000 0.000000 0.156620
0.000000 0.002222 0.662076
0.143000 0.002222 0.568439
0.571000 0.002222 0.456999
1.000000 0.002222 0.127472
0.000000 0.004444 0.660389
0.143000 0.004444 0.662100
0.571000 0.004444 0.686212
1.000000 0.004444 0.128050
0.000000 0.006667 0.667458
0.143000 0.006667 0.752214
0.571000 0.006667 0.379263
1.000000 0.006667 0.169954
0.000000 0.008889 0.656928
0.143000 0.008889 0.704953
0.571000 0.008889 0.530144
1.000000 0.008889 0.170003
0.000000 0.011111 0.655971
0.143000 0.011111 0.703569
0.571000 0.011111 0.529210
1.000000 0.011111 0.128743
0.000000 0.013333 0.654041
0.143000 0.013333 0.611722
0.571000 0.013333 0.378322
1.000000 0.013333 0.169451
0.000000 0.015556 0.627884
0.143000 0.015556 0.566612
0.571000 0.015556 0.452332
1.000000 0.015556 0.169168
0.000000 0.017778 0.651579
0.143000 0.017778 0.742251
0.571000 0.017778 0.599480
1.000000 0.017778 0.182689
0.000000 0.020000 0.634985
0.143000 0.020000 0.653421
0.571000 0.020000 0.524734
1.000000 0.020000 0.127009
0.000000 0.022222 0.656896
0.143000 0.022222 0.565698
0.571000 0.022222 0.377067
1.000000 0.022222 0.168289
0.000000 0.024444 0.649970
0.143000 0.024444 0.565394
0.571000 0.024444 0.523989
1.000000 0.024444 0.154861
0.000000 0.026667 0.642493
0.143000 0.026667 0.608925
0.571000 0.026667 0.450282
1.000000 0.026667 0.168286
0.000000 0.028889 0.658025
0.143000 0.028889 0.652398
0.571000 0.028889 0.671392
1.000000 0.028889 0.128859
0.000000 0.031111 0.633045
0.143000 0.031111 0.650943
0.571000 0.031111 0.375812
1.000000 0.031111 0.127067
0.000000 0.033333 0.625475
0.143000 0.033333 0.694291
0.571000 0.033333 0.448912
1.000000 0.033333 0.180450
0.000000 0.035556 0.653822
0.143000 0.035556 0.693409
0.571000 0.035556 0.594901
1.000000 0.035556 0.180130
0.000000 0.037778 0.624873
0.143000 0.037778 0.735765
0.571000 0.037778 0.447995
1.000000 0.037778 0.153987
0.000000 0.040000 0.631727
0.143000 0.040000 0.606237
0.571000 0.040000 0.447618
1.000000 0.040000 0.179490
0.000000 0.042222 0.645931
0.143000 0.042222 0.735340
0.571000 0.042222 0.520618
1.000000 0.042222 0.166607
0.000000 0.044444 0.645484
0.143000 0.044444 0.562651
0.571000 0.044444 0.666588
1.000000 0.044444 0.129090
0.000000 0.046667 0.623668
0.143000 0.046667 0.734437
0.571000 0.046667 0.373616
1.000000 0.046667 0.141536
0.000000 0.048889 0.651803
0.143000 0.048889 0.690863
0.571000 0.048889 0.373302
1.000000 0.048889 0.129090
0.000000 0.051111 0.629917
0.143000 0.051111 0.647134
0.571000 0.051111 0.445811
1.000000 0.051111 0.140683
0.000000 0.053333 0.629469
0.143000 0.053333 0.604027
0.571000 0.053333 0.445403
1.000000 0.053333 0.152839
0.000000 0.055556 0.635175
0.143000 0.055556 0.645752
0.571000 0.055556 0.372360
1.000000 0.055556 0.177251
0.000000 0.057778 0.640454
0.143000 0.057778 0.645438
0.571000 0.057778 0.444531
1.000000 0.057778 0.140400
0.000000 0.060000 0.645267
0.143000 0.060000 0.728977
0.571000 0.060000 0.661029
1.000000 0.060000 0.152591
0.000000 0.062222 0.632629
0.143000 0.062222 0.601953
0.571000 0.062222 0.371418
1.000000 0.062222 0.164317
0.000000 0.064444 0.632158
0.143000 0.064444 0.559906
0.571000 0.064444 0.371105
1.000000 0.064444 0.163904
0.000000 0.066667 0.626297
0.143000 0.066667 0.641875
0.571000 0.066667 0.585040
1.000000 0.066667 0.139647
0.000000 0.068889 0.620653
0.143000 0.068889 0.559296
0.571000 0.068889 0.370477
1.000000 0.068889 0.151922
0.000000 0.071111 0.625656
0.143000 0.071111 0.723484
0.571000 0.071111 0.370163
1.000000 0.071111 0.175012
0.000000 0.073333 0.625221
0.143000 0.073333 0.681099
0.571000 0.073333 0.440966
1.000000 0.073333 0.127472
0.000000 0.075556 0.641806
0.143000 0.075556 0.722578
0.571000 0.075556 0.512260
1.000000 0.075556 0.139977
0.000000 0.077778 0.624524
0.143000 0.077778 0.680592
0.571000 0.077778 0.440392
1.000000 0.077778 0.150964
0.000000 0.080000 0.624367
0.143000 0.080000 0.680702
0.571000 0.080000 0.440228
1.000000 0.080000 0.173732
0.000000 0.082222 0.629012
0.143000 0.082222 0.639181
0.571000 0.082222 0.511023
1.000000 0.082222 0.150991
0.000000 0.084444 0.638562
0.143000 0.084444 0.597945
0.571000 0.084444 0.510591
1.000000 0.084444 0.128628
0.000000 0.086667 0.618240
0.143000 0.086667 0.678453
0.571000 0.086667 0.438880
1.000000 0.086667 0.161548
0.000000 0.088889 0.627738
0.143000 0.088889 0.677961
0.571000 0.088889 0.367650
1.000000 0.088889 0.127992
0.000000 0.091111 0.634918
0.143000 0.091111 0.636697
0.571000 0.091111 0.649974
1.000000 0.091111 0.138940
0.000000 0.093333 0.633915
0.143000 0.093333 0.555938
0.571000 0.093333 0.650164
1.000000 0.093333 0.129379
0.000000 0.095556 0.617032
0.143000 0.095556 0.714305
0.571000 0.095556 0.577278
1.000000 0.095556 0.149685
0.000000 0.097778 0.631103
0.143000 0.097778 0.674249
0.571000 0.097778 0.366394
1.000000 0.097778 0.171173
0.000000 0.100000 0.620092
0.143000 0.100000 0.713028
0.571000 0.100000 0.366080
1.000000 0.100000 0.149972
0.000000 0.102222 0.626375
0.143000 0.102222 0.593999
0.571000 0.102222 0.435634
1.000000 0.102222 0.128974
0.000000 0.104444 0.618987
0.143000 0.104444 0.554411
0.571000 0.104444 0.435124
1.000000 0.104444 0.159861
0.000000 0.106667 0.618646
0.143000 0.106667 0.670848
0.571000 0.106667 0.573774
1.000000 0.106667 0.149434
0.000000 0.108889 0.624112
0.143000 0.108889 0.708839
0.571000 0.108889 0.434240
1.000000 0.108889 0.139168
0.000000 0.111111 0.617462
0.143000 0.111111 0.668571
0.571000 0.111111 0.571638
1.000000 0.111111 0.138395
0.000000 0.113333 0.622521
0.143000 0.113333 0.591412
0.571000 0.113333 0.433193
1.000000 0.113333 0.168934
0.000000 0.115556 0.616387
0.143000 0.115556 0.666598
0.571000 0.115556 0.363881
1.000000 0.115556 0.128859
0.000000 0.117778 0.615758
0.143000 0.117778 0.703155
0.571000 0.117778 0.432021
1.000000 0.117778 0.168295
0.000000 0.120000 0.614923
0.143000 0.120000 0.701789
0.571000 0.120000 0.636290
1.000000 0.120000 0.158225
0.000000 0.122222 0.615163
0.143000 0.122222 0.700127
0.571000 0.122222 0.430907
1.000000 0.122222 0.158014
0.000000 0.124444 0.613340
0.143000 0.124444 0.660919
0.571000 0.124444 0.362624
1.000000 0.124444 0.137958
0.000000 0.126667 0.612804
0.143000 0.126667 0.696611
0.571000 0.126667 0.631636
1.000000 0.126667 0.167015
0.000000 0.128889 0.615704
0.143000 0.128889 0.624066
0.571000 0.128889 0.429514
1.000000 0.128889 0.130939
0.000000 0.131111 0.612619
0.143000 0.131111 0.693961
0.571000 0.131111 0.428529
1.000000 0.131111 0.157025
0.000000 0.133333 0.611701
0.143000 0.133333 0.656686
0.571000 0.133333 0.361367
1.000000 0.133333 0.147197
0.000000 0.135556 0.611372
0.143000 0.135556 0.691847
0.571000 0.135556 0.494080
1.000000 0.135556 0.138381
0.000000 0.137778 0.611292
0.143000 0.137778 0.585140
0.571000 0.137778 0.427124
1.000000 0.137778 0.129379
0.000000 0.140000 0.609762
0.143000 0.140000 0.654918
0.571000 0.140000 0.493043
1.000000 0.140000 0.165096
0.000000 0.142222 0.610687
0.143000 0.142222 0.584294
0.571000 0.142222 0.558834
1.000000 0.142222 0.164777
0.000000 0.144444 0.609789
0.143000 0.144444 0.687813
0.571000 0.144444 0.623387
1.000000 0.144444 0.164457
0.000000 0.146667 0.607595
0.143000 0.146667 0.583209
0.571000 0.146667 0.622640
1.000000 0.146667 0.129321
0.000000 0.148889 0.608422
0.143000 0.148889 0.617398
0.571000 0.148889 0.359167
1.000000 0.148889 0.137989
0.000000 0.151111 0.608213
0.143000 0.151111 0.547991
0.571000 0.151111 0.490508
1.000000 0.151111 0.155199
0.000000 0.153333 0.608395
0.143000 0.153333 0.581937
0.571000 0.153333 0.620405
1.000000 0.153333 0.163178
0.000000 0.155556 0.607624
0.143000 0.155556 0.650132
0.571000 0.155556 0.423808
1.000000 0.155556 0.130361
0.000000 0.157778 0.608570
0.143000 0.157778 0.615023
0.571000 0.157778 0.619267
1.000000 0.157778 0.162538
0.000000 0.160000 0.605744
0.143000 0.160000 0.580603
0.571000 0.160000 0.422764
1.000000 0.160000 0.130361
0.000000 0.162222 0.602215
0.143000 0.162222 0.546461
0.571000 0.162222 0.487201
1.000000 0.162222 0.146101
0.000000 0.164444 0.607662
0.143000 0.164444 0.645503
0.571000 0.164444 0.486084
1.000000 0.164444 0.145450
0.000000 0.166667 0.607359
0.143000 0.166667 0.612262
0.571000 0.166667 0.421299
1.000000 0.166667 0.161259
0.000000 0.168889 0.599851
0.143000 0.168889 0.644816
0.571000 0.168889 0.420848
1.000000 0.168889 0.153280
0.000000 0.171111 0.598317
0.143000 0.171111 0.677032
0.571000 0.171111 0.484882
1.000000 0.171111 0.145519
0.000000 0.173333 0.599301
0.143000 0.173333 0.544931
0.571000 0.173333 0.548592
1.000000 0.173333 0.152815
0.000000 0.175556 0.606148
0.143000 0.175556 0.544625
0.571000 0.175556 0.355394
1.000000 0.175556 0.129610
0.000000 0.177778 0.603989
0.143000 0.177778 0.609434
0.571000 0.177778 0.355080
1.000000 0.177778 0.144635
0.000000 0.180000 0.594673
0.143000 0.180000 0.673282
0.571000 0.180000 0.418657
1.000000 0.180000 0.144504
0.000000 0.182222 0.597067
0.143000 0.182222 0.640730
0.571000 0.182222 0.418406
1.000000 0.182222 0.130535
0.000000 0.184444 0.593026
0.143000 0.184444 0.671956
0.571000 0.184444 0.481732
1.000000 0.184444 0.144589
0.000000 0.186667 0.601135
0.143000 0.186667 0.669839
0.571000 0.186667 0.480613
1.000000 0.186667 0.136673
0.000000 0.188889 0.601166
0.143000 0.188889 0.542787
0.571000 0.188889 0.607210
1.000000 0.188889 0.144182
0.000000 0.191111 0.596934
0.143000 0.191111 0.605589
0.571000 0.191111 0.543146
1.000000 0.191111 0.144138
0.000000 0.193333 0.599714
0.143000 0.193333 0.666750
0.571000 0.193333 0.415835
1.000000 0.193333 0.157421
0.000000 0.195556 0.603422
0.143000 0.195556 0.573182
0.571000 0.195556 0.541849
1.000000 0.195556 0.143992
0.000000 0.197778 0.603119
0.143000 0.197778 0.666914
0.571000 0.197778 0.415367
1.000000 0.197778 0.150465
0.000000 0.200000 0.586000
0.143000 0.200000 0.633398
0.571000 0.200000 0.539627
1.000000 0.200000 0.143065
0.000000 0.202222 0.598788
0.143000 0.202222 0.633518
0.571000 0.202222 0.602220
1.000000 0.202222 0.143368
0.000000 0.204444 0.602210
0.143000 0.204444 0.540643
0.571000 0.204444 0.476450
1.000000 0.204444 0.136900
0.000000 0.206667 0.588793
0.143000 0.206667 0.631616
0.571000 0.206667 0.537981
1.000000 0.206667 0.142701
0.000000 0.208889 0.592680
0.143000 0.208889 0.631350
0.571000 0.208889 0.413083
1.000000 0.208889 0.155183
0.000000 0.211111 0.596534
0.143000 0.211111 0.660762
0.571000 0.211111 0.474957
1.000000 0.211111 0.130939
0.000000 0.213333 0.584606
0.143000 0.213333 0.569191
0.571000 0.213333 0.350047
1.000000 0.213333 0.148397
0.000000 0.215556 0.584673
0.143000 0.215556 0.628316
0.571000 0.215556 0.473468
1.000000 0.215556 0.130535
0.000000 0.217778 0.583788
0.143000 0.217778 0.656483
0.571000 0.217778 0.349418
1.000000 0.217778 0.135900
0.000000 0.220000 0.589027
0.143000 0.220000 0.626395
0.571000 0.220000 0.410539
1.000000 0.220000 0.141800
0.000000 0.222222 0.582905
0.143000 0.222222 0.567666
0.571000 0.222222 0.348789
1.000000 0.222222 0.147943
0.000000 0.224444 0.582719
0.143000 0.224444 0.654441
0.571000 0.224444 0.409796
1.000000 0.224444 0.141884
0.000000 0.226667 0.575479
0.143000 0.226667 0.653260
0.571000 0.226667 0.592883
1.000000 0.226667 0.147204
0.000000 0.228889 0.581559
0.143000 0.228889 0.624131
0.571000 0.228889 0.347845
1.000000 0.228889 0.147180
0.000000 0.231111 0.575764
0.143000 0.231111 0.594470
0.571000 0.231111 0.530424
1.000000 0.231111 0.151986
0.000000 0.233333 0.587701
0.143000 0.233333 0.652056
0.571000 0.233333 0.530177
1.000000 0.233333 0.141678
0.000000 0.235556 0.582504
0.143000 0.235556 0.622601
0.571000 0.235556 0.346901
1.000000 0.235556 0.131113
0.000000 0.237778 0.582638
0.143000 0.237778 0.593809
0.571000 0.237778 0.407561
1.000000 0.237778 0.146207
0.000000 0.240000 0.582637
0.143000 0.240000 0.564406
0.571000 0.240000 0.406932
1.000000 0.240000 0.130130
0.000000 0.242222 0.585901
0.143000 0.242222 0.564108
0.571000 0.242222 0.589612
1.000000 0.242222 0.145583
0.000000 0.244444 0.584879
0.143000 0.244444 0.649258
0.571000 0.244444 0.467383
1.000000 0.244444 0.135981
0.000000 0.246667 0.590416
0.143000 0.246667 0.620389
0.571000 0.246667 0.406253
1.000000 0.246667 0.145320
0.000000 0.248889 0.589291
0.143000 0.248889 0.618604
0.571000 0.248889 0.587356
1.000000 0.248889 0.135735
0.000000 0.251111 0.575312
0.143000 0.251111 0.589893
0.571000 0.251111 0.344698
1.000000 0.251111 0.144610
0.000000 0.253333 0.595536
0.143000 0.253333 0.616861
0.571000 0.253333 0.585951
1.000000 0.253333 0.148789
0.000000 0.255556 0.595233
0.143000 0.255556 0.560988
0.571000 0.255556 0.464116
1.000000 0.255556 0.131286
0.000000 0.257778 0.587047
0.143000 0.257778 0.533283
0.571000 0.257778 0.463549
1.000000 0.257778 0.143962
0.000000 0.260000 0.561513
0.143000 0.260000 0.613400
0.571000 0.260000 0.403114
1.000000 0.260000 0.135422
0.000000 0.262222 0.561771
0.143000 0.262222 0.586297
0.571000 0.262222 0.402810
1.000000 0.262222 0.132269
0.000000 0.264444 0.569901
0.143000 0.264444 0.532362
0.571000 0.264444 0.580892
1.000000 0.264444 0.132326
0.000000 0.266667 0.593714
0.143000 0.266667 0.637388
0.571000 0.266667 0.460803
1.000000 0.266667 0.139078
0.000000 0.268889 0.585574
0.143000 0.268889 0.558088
0.571000 0.268889 0.401219
1.000000 0.268889 0.146551
0.000000 0.271111 0.585018
0.143000 0.271111 0.636723
0.571000 0.271111 0.460162
1.000000 0.271111 0.132211
0.000000 0.273333 0.567419
0.143000 0.273333 0.557226
0.571000 0.273333 0.341550
1.000000 0.273333 0.135636
0.000000 0.275556 0.555666
0.143000 0.275556 0.633591
0.571000 0.275556 0.458833
1.000000 0.275556 0.132037
0.000000 0.277778 0.563343
0.143000 0.277778 0.530520
0.571000 0.277778 0.516694
1.000000 0.277778 0.141978
0.000000 0.280000 0.554872
0.143000 0.280000 0.606155
0.571000 0.280000 0.457407
1.000000 0.280000 0.138553
0.000000 0.282222 0.572683
0.143000 0.282222 0.529906
0.571000 0.282222 0.340290
1.000000 0.282222 0.144633
0.000000 0.284444 0.581665
0.143000 0.284444 0.579547
0.571000 0.284444 0.398141
1.000000 0.284444 0.144314
0.000000 0.286667 0.580986
0.143000 0.286667 0.553965
0.571000 0.286667 0.397606
1.000000 0.286667 0.138189
0.000000 0.288889 0.568623
0.143000 0.288889 0.601092
0.571000 0.288889 0.511938
1.000000 0.288889 0.143674
0.000000 0.291111 0.550253
0.143000 0.291111 0.626328
0.571000 0.291111 0.454457
1.000000 0.291111 0.138389
0.000000 0.293333 0.549417
0.143000 0.293333 0.624541
0.571000 0.293333 0.510574
1.000000 0.293333 0.132153
0.000000 0.295556 0.589764
0.143000 0.295556 0.623578
0.571000 0.295556 0.338401
1.000000 0.295556 0.135010
0.000000 0.297778 0.578808
0.143000 0.297778 0.551413
0.571000 0.297778 0.509186
1.000000 0.297778 0.132269
0.000000 0.300000 0.578598
0.143000 0.300000 0.527449
0.571000 0.300000 0.451528
1.000000 0.300000 0.142076
0.000000 0.302222 0.577971
0.143000 0.302222 0.573785
0.571000 0.302222 0.394204
1.000000 0.302222 0.139428
0.000000 0.304444 0.577865
0.143000 0.304444 0.550095
0.571000 0.304444 0.337141
1.000000 0.304444 0.136998
0.000000 0.306667 0.567482
0.143000 0.306667 0.596319
0.571000 0.306667 0.506412
1.000000 0.306667 0.138978
0.000000 0.308889 0.587939
0.143000 0.308889 0.595711
0.571000 0.308889 0.336511
1.000000 0.308889 0.134618
0.000000 0.311111 0.576393
0.143000 0.311111 0.617553
0.571000 0.311111 0.392674
1.000000 0.311111 0.136865
0.000000 0.313333 0.575519
0.143000 0.313333 0.615473
0.571000 0.313333 0.448160
1.000000 0.313333 0.140159
0.000000 0.315556 0.550904
0.143000 0.315556 0.569832
0.571000 0.315556 0.447569
1.000000 0.315556 0.138005
0.000000 0.317778 0.575512
0.143000 0.317778 0.569898
0.571000 0.317778 0.447118
1.000000 0.317778 0.137808
0.000000 0.320000 0.539111
0.143000 0.320000 0.524683
0.571000 0.320000 0.502378
1.000000 0.320000 0.135850
0.000000 0.322222 0.539325
0.143000 0.322222 0.590782
0.571000 0.322222 0.446143
1.000000 0.322222 0.137314
0.000000 0.324444 0.585809
0.143000 0.324444 0.524068
0.571000 0.324444 0.334307
1.000000 0.324444 0.133598
0.000000 0.326667 0.561618
0.143000 0.326667 0.545807
0.571000 0.326667 0.389814
1.000000 0.326667 0.133713
0.000000 0.328889 0.585201
0.143000 0.328889 0.523453
0.571000 0.328889 0.333676
1.000000 0.328889 0.136668
0.000000 0.331111 0.572664
0.143000 0.331111 0.523145
0.571000 0.331111 0.555189
1.000000 0.331111 0.132904
0.000000 0.333333 0.571956
0.143000 0.333333 0.608772
0.571000 0.333333 0.499393
1.000000 0.333333 0.135441
0.000000 0.335556 0.584287
0.143000 0.335556 0.607501
0.571000 0.335556 0.332731
1.000000 0.335556 0.133540
0.000000 0.337778 0.570806
0.143000 0.337778 0.605805
0.571000 0.337778 0.387355
1.000000 0.337778 0.132731
0.000000 0.340000 0.583679
0.143000 0.340000 0.605502
0.571000 0.340000 0.441828
1.000000 0.340000 0.133846
0.000000 0.342222 0.558275
0.143000 0.342222 0.563431
0.571000 0.342222 0.386527
1.000000 0.342222 0.132904
0.000000 0.344444 0.534924
0.143000 0.344444 0.542419
0.571000 0.344444 0.550793
1.000000 0.344444 0.135178
0.000000 0.346667 0.533812
0.143000 0.346667 0.583946
0.571000 0.346667 0.440680
1.000000 0.346667 0.134084
0.000000 0.348889 0.557122
0.143000 0.348889 0.520684
0.571000 0.348889 0.439844
1.000000 0.348889 0.133440
0.000000 0.351111 0.528028
0.143000 0.351111 0.520377
0.571000 0.351111 0.330526
1.000000 0.351111 0.134054
0.000000 0.353333 0.529834
0.143000 0.353333 0.601840
0.571000 0.353333 0.384669
1.000000 0.353333 0.134408
0.000000 0.355556 0.529943
0.143000 0.355556 0.540133
0.571000 0.355556 0.438563
1.000000 0.355556 0.133980
0.000000 0.357778 0.567729
0.143000 0.357778 0.559441
0.571000 0.357778 0.437812
1.000000 0.357778 0.133769
0.000000 0.360000 0.539464
0.143000 0.360000 0.598608
0.571000 0.360000 0.383397
1.000000 0.360000 0.133829
0.000000 0.362222 0.566121
0.143000 0.362222 0.597198
0.571000 0.362222 0.328950
1.000000 0.362222 0.133478
0.000000 0.364444 0.580328
0.143000 0.364444 0.577746
0.571000 0.364444 0.436261
1.000000 0.364444 0.133051
0.000000 0.366667 0.580023
0.143000 0.366667 0.598586
0.571000 0.366667 0.436171
1.000000 0.366667 0.134145
0.000000 0.368889 0.541245
0.143000 0.368889 0.596854
0.571000 0.368889 0.435132
1.000000 0.368889 0.132172
0.000000 0.371111 0.579414
0.143000 0.371111 0.537295
0.571000 0.371111 0.542478
1.000000 0.371111 0.134060
0.000000 0.373333 0.566099
0.143000 0.373333 0.536957
0.571000 0.373333 0.541799
1.000000 0.373333 0.132710
0.000000 0.375556 0.578804
0.143000 0.375556 0.516991
0.571000 0.375556 0.380496
1.000000 0.375556 0.133251
0.000000 0.377778 0.538880
0.143000 0.377778 0.594756
0.571000 0.377778 0.540948
1.000000 0.377778 0.134060
0.000000 0.380000 0.578194
0.143000 0.380000 0.516375
0.571000 0.380000 0.380027
1.000000 0.380000 0.130575
0.000000 0.382222 0.549541
0.143000 0.382222 0.592126
0.571000 0.382222 0.379492
1.000000 0.382222 0.132187
0.000000 0.384444 0.519876
0.143000 0.384444 0.534464
0.571000 0.384444 0.485014
1.000000 0.384444 0.133136
0.000000 0.386667 0.521598
0.143000 0.386667 0.591122
0.571000 0.386667 0.431810
1.000000 0.386667 0.134002
0.000000 0.388889 0.548995
0.143000 0.388889 0.533966
0.571000 0.388889 0.378257
1.000000 0.388889 0.129297
0.000000 0.391111 0.576670
0.143000 0.391111 0.589991
0.571000 0.391111 0.483894
1.000000 0.391111 0.134002
0.000000 0.393333 0.534288
0.143000 0.393333 0.551927
0.571000 0.393333 0.324538
1.000000 0.393333 0.131475
0.000000 0.395556 0.532153
0.143000 0.395556 0.569365
0.571000 0.395556 0.377098
1.000000 0.395556 0.132760
0.000000 0.397778 0.560600
0.143000 0.397778 0.586226
0.571000 0.397778 0.323908
1.000000 0.397778 0.132593
0.000000 0.400000 0.575450
0.143000 0.400000 0.513604
0.571000 0.400000 0.429273
1.000000 0.400000 0.131400
0.000000 0.402222 0.530728
0.143000 0.402222 0.513296
0.571000 0.402222 0.323277
1.000000 0.402222 0.127381
0.000000 0.404444 0.574840
0.143000 0.404444 0.548336
0.571000 0.404444 0.427910
1.000000 0.404444 0.127062
0.000000 0.406667 0.543350
0.143000 0.406667 0.583591
0.571000 0.406667 0.533049
1.000000 0.406667 0.128861
0.000000 0.408889 0.574230
0.143000 0.408889 0.512371
0.571000 0.408889 0.479090
1.000000 0.408889 0.128318
0.000000 0.411111 0.558444
0.143000 0.411111 0.547136
0.571000 0.411111 0.374331
1.000000 0.411111 0.128281
0.000000 0.413333 0.510300
0.143000 0.413333 0.581009
0.571000 0.413333 0.478336
1.000000 0.413333 0.132598
0.000000 0.415556 0.556990
0.143000 0.415556 0.562609
0.571000 0.415556 0.373525
1.000000 0.415556 0.135100
0.000000 0.417778 0.540728
0.143000 0.417778 0.528179
0.571000 0.417778 0.373127
1.000000 0.417778 0.127678
0.000000 0.420000 0.556431
0.143000 0.420000 0.510830
0.571000 0.420000 0.424328
1.000000 0.420000 0.127251
0.000000 0.422222 0.524157
0.143000 0.422222 0.510522
0.571000 0.422222 0.475480
1.000000 0.422222 0.134523
0.000000 0.424444 0.506043
0.143000 0.424444 0.576307
0.571000 0.424444 0.320125
1.000000 0.424444 0.131982
0.000000 0.426667 0.505815
0.143000 0.426667 0.575946
0.571000 0.426667 0.423009
1.000000 0.426667 0.126706
0.000000 0.428889 0.505858
0.143000 0.428889 0.542276
0.571000 0.428889 0.422125
1.000000 0.428889 0.123550
0.000000 0.431111 0.502925
0.143000 0.431111 0.573235
0.571000 0.431111 0.472764
1.000000 0.431111 0.123231
0.000000 0.433333 0.503142
0.143000 0.433333 0.525031
0.571000 0.433333 0.421403
1.000000 0.433333 0.122911
0.000000 0.435556 0.520029
0.143000 0.435556 0.540663
0.571000 0.435556 0.420893
1.000000 0.435556 0.132190
0.000000 0.437778 0.519827
0.143000 0.437778 0.524289
0.571000 0.437778 0.522557
1.000000 0.437778 0.122273
0.000000 0.440000 0.569956
0.143000 0.440000 0.570114
0.571000 0.440000 0.317918
1.000000 0.440000 0.128325
0.000000 0.442222 0.569650
0.143000 0.442222 0.554233
0.571000 0.442222 0.317603
1.000000 0.442222 0.127992
0.000000 0.444444 0.535112
0.143000 0.444444 0.538431
0.571000 0.444444 0.367996
1.000000 0.444444 0.131741
0.000000 0.446667 0.499101
0.143000 0.446667 0.568681
0.571000 0.446667 0.316972
1.000000 0.446667 0.136256
0.000000 0.448889 0.501191
0.143000 0.448889 0.568625
0.571000 0.448889 0.468380
1.000000 0.448889 0.135505
0.000000 0.451111 0.533550
0.143000 0.451111 0.567202
0.571000 0.451111 0.467879
1.000000 0.451111 0.128018
0.000000 0.453333 0.533123
0.143000 0.453333 0.536290
0.571000 0.453333 0.517548
1.000000 0.453333 0.135505
0.000000 0.455556 0.550038
0.143000 0.455556 0.564960
0.571000 0.455556 0.466136
1.000000 0.455556 0.130995
0.000000 0.457778 0.499296
0.143000 0.457778 0.566264
0.571000 0.457778 0.516927
1.000000 0.457778 0.132086
0.000000 0.460000 0.549445
0.143000 0.460000 0.564206
0.571000 0.460000 0.315080
1.000000 0.460000 0.135678
0.000000 0.462222 0.492982
0.143000 0.462222 0.519304
0.571000 0.462222 0.314765
1.000000 0.462222 0.135563
0.000000 0.464444 0.549111
0.143000 0.464444 0.534110
0.571000 0.464444 0.364513
1.000000 0.464444 0.118443
0.000000 0.466667 0.548414
0.143000 0.466667 0.561890
0.571000 0.466667 0.463528
1.000000 0.466667 0.131203
0.000000 0.468889 0.548294
0.143000 0.468889 0.518520
0.571000 0.468889 0.413555
1.000000 0.468889 0.136314
0.000000 0.471111 0.489340
0.143000 0.471111 0.531264
0.571000 0.471111 0.313503
1.000000 0.471111 0.122019
0.000000 0.473333 0.492361
0.143000 0.473333 0.503428
0.571000 0.473333 0.462303
1.000000 0.473333 0.117166
0.000000 0.475556 0.565066
0.143000 0.475556 0.559589
0.571000 0.475556 0.511562
1.000000 0.475556 0.116847
0.000000 0.477778 0.489969
0.143000 0.477778 0.557624
0.571000 0.477778 0.411388
1.000000 0.477778 0.126190
0.000000 0.480000 0.525752
0.143000 0.480000 0.529176
0.571000 0.480000 0.460098
1.000000 0.480000 0.135736
0.000000 0.482222 0.507836
0.143000 0.482222 0.542608
0.571000 0.482222 0.410264
1.000000 0.482222 0.120837
0.000000 0.484444 0.488817
0.143000 0.484444 0.542490
0.571000 0.484444 0.311611
1.000000 0.484444 0.120887
0.000000 0.486667 0.525943
0.143000 0.486667 0.501576
0.571000 0.486667 0.409634
1.000000 0.486667 0.136545
0.000000 0.488889 0.563232
0.143000 0.488889 0.554590
0.571000 0.488889 0.360119
1.000000 0.488889 0.131359
0.000000 0.491111 0.543346
0.143000 0.491111 0.552358
0.571000 0.491111 0.457184
1.000000 0.491111 0.135794
0.000000 0.493333 0.524453
0.143000 0.493333 0.526571
0.571000 0.493333 0.456531
1.000000 0.493333 0.119626
0.000000 0.495556 0.487892
0.143000 0.495556 0.513566
0.571000 0.495556 0.505585
1.000000 0.495556 0.136776
0.000000 0.497778 0.505002
0.143000 0.497778 0.526032
0.571000 0.497778 0.309718
1.000000 0.497778 0.119437
0.000000 0.500000 0.506489
0.143000 0.500000 0.512904
0.571000 0.500000 0.309403
1.000000 0.500000 0.125057
0.000000 0.502222 0.542183
0.143000 0.502222 0.525144
0.571000 0.502222 0.406717
1.000000 0.502222 0.119146
0.000000 0.504444 0.541648
0.143000 0.504444 0.536906
0.571000 0.504444 0.503037
1.000000 0.504444 0.136776
0.000000 0.506667 0.560784
0.143000 0.506667 0.546960
0.571000 0.506667 0.308457
1.000000 0.506667 0.124203
0.000000 0.508889 0.560478
0.143000 0.508889 0.510994
0.571000 0.508889 0.356539
1.000000 0.508889 0.124563
0.000000 0.511111 0.520181
0.143000 0.511111 0.546591
0.571000 0.511111 0.452578
1.000000 0.511111 0.111743
0.000000 0.513333 0.520671
0.143000 0.513333 0.534488
0.571000 0.513333 0.307510
1.000000 0.513333 0.136950
0.000000 0.515556 0.539367
0.143000 0.515556 0.509539
0.571000 0.515556 0.355459
1.000000 0.515556 0.137759
0.000000 0.517778 0.559254
0.143000 0.517778 0.497253
0.571000 0.517778 0.355063
1.000000 0.517778 0.117529
0.000000 0.520000 0.518132
0.143000 0.520000 0.531889
0.571000 0.520000 0.306564
1.000000 0.520000 0.130329
0.000000 0.522222 0.538562
0.143000 0.522222 0.543356
0.571000 0.522222 0.497429
1.000000 0.522222 0.123405
0.000000 0.524444 0.478097
0.143000 0.524444 0.519792
0.571000 0.524444 0.401763
1.000000 0.524444 0.137643
0.000000 0.526667 0.537742
0.143000 0.526667 0.507606
0.571000 0.526667 0.497090
1.000000 0.526667 0.130697
0.000000 0.528889 0.557723
0.143000 0.528889 0.540682
0.571000 0.528889 0.352753
1.000000 0.528889 0.129273
0.000000 0.531111 0.537585
0.143000 0.531111 0.542050
0.571000 0.531111 0.304987
1.000000 0.531111 0.108872
0.000000 0.533333 0.517838
0.143000 0.533333 0.518523
0.571000 0.533333 0.352394
1.000000 0.533333 0.108554
0.000000 0.535556 0.537136
0.143000 0.535556 0.506431
0.571000 0.535556 0.399676
1.000000 0.535556 0.137759
0.000000 0.537778 0.477378
0.143000 0.537778 0.540855
0.571000 0.537778 0.494752
1.000000 0.537778 0.122982
0.000000 0.540000 0.495090
0.143000 0.540000 0.538805
0.571000 0.540000 0.398481
1.000000 0.540000 0.114892
0.000000 0.542222 0.493676
0.143000 0.542222 0.493854
0.571000 0.542222 0.446043
1.000000 0.542222 0.130269
0.000000 0.544444 0.555580
0.143000 0.544444 0.493545
0.571000 0.544444 0.445561
1.000000 0.544444 0.106959
0.000000 0.546667 0.513946
0.143000 0.546667 0.526223
0.571000 0.546667 0.397634
1.000000 0.546667 0.122344
0.000000 0.548889 0.468048
0.143000 0.548889 0.523989
0.571000 0.548889 0.349601
1.000000 0.548889 0.129379
0.000000 0.551111 0.533690
0.143000 0.551111 0.535404
0.571000 0.551111 0.443821
1.000000 0.551111 0.129993
0.000000 0.553333 0.533595
0.143000 0.553333 0.503033
0.571000 0.553333 0.396143
1.000000 0.553333 0.105684
0.000000 0.555556 0.554048
0.143000 0.555556 0.524261
0.571000 0.555556 0.395463
1.000000 0.555556 0.137239
0.000000 0.557778 0.492593
0.143000 0.557778 0.502516
0.571000 0.557778 0.301201
1.000000 0.557778 0.113311
0.000000 0.560000 0.513585
0.143000 0.560000 0.524295
0.571000 0.560000 0.394978
1.000000 0.560000 0.104728
0.000000 0.562222 0.553129
0.143000 0.562222 0.501834
0.571000 0.562222 0.394626
1.000000 0.562222 0.137990
0.000000 0.564444 0.531572
0.143000 0.564444 0.511390
0.571000 0.564444 0.488085
1.000000 0.564444 0.137990
0.000000 0.566667 0.552516
0.143000 0.566667 0.531262
0.571000 0.566667 0.393813
1.000000 0.566667 0.129652
0.000000 0.568889 0.510322
0.143000 0.568889 0.531451
0.571000 0.568889 0.440099
1.000000 0.568889 0.103453
0.000000 0.571111 0.465749
0.143000 0.571111 0.509896
0.571000 0.571111 0.299307
1.000000 0.571111 0.103134
0.000000 0.573333 0.551596
0.143000 0.573333 0.509788
0.571000 0.573333 0.486115
1.000000 0.573333 0.111696
0.000000 0.575556 0.551289
0.143000 0.575556 0.509434
0.571000 0.575556 0.345529
1.000000 0.575556 0.139088
0.000000 0.577778 0.528469
0.143000 0.577778 0.526580
0.571000 0.577778 0.438104
1.000000 0.577778 0.129210
0.000000 0.580000 0.461908
0.143000 0.580000 0.498059
0.571000 0.580000 0.483872
1.000000 0.580000 0.101859
0.000000 0.582222 0.550370
0.143000 0.582222 0.524788
0.571000 0.582222 0.390815
1.000000 0.582222 0.138972
0.000000 0.584444 0.461405
0.143000 0.584444 0.487979
0.571000 0.584444 0.436476
1.000000 0.584444 0.129058
0.000000 0.586667 0.549756
0.143000 0.586667 0.515830
0.571000 0.586667 0.435955
1.000000 0.586667 0.138279
0.000000 0.588889 0.549450
0.143000 0.588889 0.516927
0.571000 0.588889 0.389324
1.000000 0.588889 0.138337
0.000000 0.591111 0.507134
0.143000 0.591111 0.496881
0.571000 0.591111 0.435608
1.000000 0.591111 0.139088
0.000000 0.593333 0.485460
0.143000 0.593333 0.496396
0.571000 0.593333 0.296152
1.000000 0.593333 0.109545
0.000000 0.595556 0.548529
0.143000 0.595556 0.523616
0.571000 0.595556 0.341789
1.000000 0.595556 0.099629
0.000000 0.597778 0.548223
0.143000 0.597778 0.486122
0.571000 0.597778 0.387351
1.000000 0.597778 0.099310
0.000000 0.600000 0.504470
0.143000 0.600000 0.513555
0.571000 0.600000 0.295205
1.000000 0.600000 0.108828
0.000000 0.602222 0.525875
0.143000 0.602222 0.503904
0.571000 0.602222 0.294890
1.000000 0.602222 0.128464
0.000000 0.604444 0.525330
0.143000 0.604444 0.503471
0.571000 0.604444 0.432919
1.000000 0.604444 0.108595
0.000000 0.606667 0.459884
0.143000 0.606667 0.521939
0.571000 0.606667 0.340486
1.000000 0.606667 0.119111
0.000000 0.608889 0.458521
0.143000 0.608889 0.484575
0.571000 0.608889 0.293943
1.000000 0.608889 0.107872
0.000000 0.611111 0.480815
0.143000 0.611111 0.484266
0.571000 0.611111 0.431371
1.000000 0.611111 0.139203
0.000000 0.613333 0.523275
0.143000 0.613333 0.501024
0.571000 0.613333 0.430852
1.000000 0.613333 0.107640
0.000000 0.615556 0.479880
0.143000 0.615556 0.510215
0.571000 0.615556 0.476197
1.000000 0.615556 0.139435
0.000000 0.617778 0.457947
0.143000 0.617778 0.518285
0.571000 0.617778 0.474893
1.000000 0.617778 0.117476
0.000000 0.620000 0.477005
0.143000 0.620000 0.516285
0.571000 0.620000 0.474384
1.000000 0.620000 0.138626
0.000000 0.622222 0.522000
0.143000 0.622222 0.482718
0.571000 0.622222 0.428362
1.000000 0.622222 0.095806
0.000000 0.624444 0.521926
0.143000 0.624444 0.490825
0.571000 0.624444 0.428811
1.000000 0.624444 0.117837
0.000000 0.626667 0.499084
0.143000 0.626667 0.498721
0.571000 0.626667 0.336921
1.000000 0.626667 0.117330
0.000000 0.628889 0.499694
0.143000 0.628889 0.490172
0.571000 0.628889 0.426973
1.000000 0.628889 0.105780
0.000000 0.631111 0.521107
0.143000 0.631111 0.514135
0.571000 0.631111 0.336035
1.000000 0.631111 0.127559
0.000000 0.633333 0.520900
0.143000 0.633333 0.489422
0.571000 0.633333 0.426566
1.000000 0.633333 0.116795
0.000000 0.635556 0.497842
0.143000 0.635556 0.480860
0.571000 0.635556 0.471607
1.000000 0.635556 0.128180
0.000000 0.637778 0.497348
0.143000 0.637778 0.488591
0.571000 0.637778 0.425645
1.000000 0.637778 0.105027
0.000000 0.640000 0.451996
0.143000 0.640000 0.488379
0.571000 0.640000 0.334951
1.000000 0.640000 0.105062
0.000000 0.642222 0.542084
0.143000 0.642222 0.479931
0.571000 0.642222 0.334396
1.000000 0.642222 0.104592
0.000000 0.644444 0.518617
0.143000 0.644444 0.479621
0.571000 0.644444 0.288894
1.000000 0.644444 0.116115
0.000000 0.646667 0.448617
0.143000 0.646667 0.509987
0.571000 0.646667 0.424155
1.000000 0.646667 0.116244
0.000000 0.648889 0.470140
0.143000 0.648889 0.493828
0.571000 0.648889 0.423706
1.000000 0.648889 0.091985
0.000000 0.651111 0.493770
0.143000 0.651111 0.486129
0.571000 0.651111 0.378196
1.000000 0.651111 0.103868
0.000000 0.653333 0.493661
0.143000 0.653333 0.485720
0.571000 0.653333 0.287631
1.000000 0.653333 0.103398
0.000000 0.655556 0.516589
0.143000 0.655556 0.478072
0.571000 0.655556 0.332128
1.000000 0.655556 0.139435
0.000000 0.657778 0.539934
0.143000 0.657778 0.477763
0.571000 0.657778 0.376536
1.000000 0.657778 0.090711
0.000000 0.660000 0.443298
0.143000 0.660000 0.477453
0.571000 0.660000 0.286684
1.000000 0.660000 0.139724
0.000000 0.662222 0.515282
0.143000 0.662222 0.477143
0.571000 0.662222 0.331158
1.000000 0.662222 0.127788
0.000000 0.664444 0.467587
0.143000 0.664444 0.504412
0.571000 0.664444 0.375237
1.000000 0.664444 0.127189
0.000000 0.666667 0.491010
0.143000 0.666667 0.504144
0.571000 0.666667 0.375119
1.000000 0.666667 0.127759
0.000000 0.668889 0.442040
0.143000 0.668889 0.476214
0.571000 0.668889 0.464003
1.000000 0.668889 0.101987
0.000000 0.671111 0.490226
0.143000 0.671111 0.489475
0.571000 0.671111 0.418961
1.000000 0.671111 0.088801
0.000000 0.673333 0.466523
0.143000 0.673333 0.475594
0.571000 0.673333 0.418534
1.000000 0.673333 0.088483
0.000000 0.675556 0.514307
0.143000 0.675556 0.475284
0.571000 0.675556 0.462887
1.000000 0.675556 0.088165
0.000000 0.677778 0.514005
0.143000 0.677778 0.503192
0.571000 0.677778 0.462377
1.000000 0.677778 0.114218
0.000000 0.680000 0.513350
0.143000 0.680000 0.495279
0.571000 0.680000 0.283844
1.000000 0.680000 0.140648
0.000000 0.682222 0.465801
0.143000 0.682222 0.501222
0.571000 0.682222 0.283528
1.000000 0.682222 0.113438
0.000000 0.684444 0.442082
0.143000 0.684444 0.474044
0.571000 0.684444 0.327548
1.000000 0.684444 0.113308
0.000000 0.686667 0.488229
0.143000 0.686667 0.480280
0.571000 0.686667 0.415868
1.000000 0.686667 0.126523
0.000000 0.688889 0.535632
0.143000 0.688889 0.492749
0.571000 0.688889 0.326884
1.000000 0.688889 0.086256
0.000000 0.691111 0.439541
0.143000 0.691111 0.492319
0.571000 0.691111 0.459096
1.000000 0.691111 0.099384
0.000000 0.693333 0.434846
0.143000 0.693333 0.496145
0.571000 0.693333 0.281950
1.000000 0.693333 0.139839
0.000000 0.695556 0.484328
0.143000 0.695556 0.484064
0.571000 0.695556 0.414328
1.000000 0.695556 0.113004
0.000000 0.697778 0.509393
0.143000 0.697778 0.495471
0.571000 0.697778 0.458064
1.000000 0.697778 0.098943
0.000000 0.700000 0.435779
0.143000 0.700000 0.495767
0.571000 0.700000 0.457537
1.000000 0.700000 0.098690
0.000000 0.702222 0.431855
0.143000 0.702222 0.477134
0.571000 0.702222 0.280687
1.000000 0.702222 0.112960
0.000000 0.704444 0.533479
0.143000 0.704444 0.482553
0.571000 0.704444 0.280372
1.000000 0.704444 0.141631
0.000000 0.706667 0.508712
0.143000 0.706667 0.482730
0.571000 0.706667 0.280056
1.000000 0.706667 0.126630
0.000000 0.708889 0.532864
0.143000 0.708889 0.489152
0.571000 0.708889 0.367707
1.000000 0.708889 0.140822
0.000000 0.711111 0.433641
0.143000 0.711111 0.476037
0.571000 0.711111 0.411299
1.000000 0.711111 0.083074
0.000000 0.713333 0.532249
0.143000 0.713333 0.492352
0.571000 0.713333 0.279109
1.000000 0.713333 0.097287
0.000000 0.715556 0.507047
0.143000 0.715556 0.480801
0.571000 0.715556 0.322663
1.000000 0.715556 0.140822
0.000000 0.717778 0.455804
0.143000 0.717778 0.480034
0.571000 0.717778 0.278478
1.000000 0.717778 0.082120
0.000000 0.720000 0.480669
0.143000 0.720000 0.469083
0.571000 0.720000 0.278162
1.000000 0.720000 0.111803
0.000000 0.722222 0.428707
0.143000 0.722222 0.478931
0.571000 0.722222 0.321562
1.000000 0.722222 0.126074
0.000000 0.724444 0.530711
0.143000 0.724444 0.483389
0.571000 0.724444 0.277531
1.000000 0.724444 0.110965
0.000000 0.726667 0.479591
0.143000 0.726667 0.488635
0.571000 0.726667 0.408409
1.000000 0.726667 0.096058
0.000000 0.728889 0.479497
0.143000 0.728889 0.482999
0.571000 0.728889 0.451059
1.000000 0.728889 0.095617
0.000000 0.731111 0.505042
0.143000 0.731111 0.472836
0.571000 0.731111 0.450793
1.000000 0.731111 0.080212
0.000000 0.733333 0.451805
0.143000 0.733333 0.481638
0.571000 0.733333 0.407290
1.000000 0.733333 0.079894
0.000000 0.735556 0.477966
0.143000 0.735556 0.471802
0.571000 0.735556 0.319562
1.000000 0.735556 0.095090
0.000000 0.737778 0.502228
0.143000 0.737778 0.475171
0.571000 0.737778 0.319063
1.000000 0.737778 0.125561
0.000000 0.740000 0.476249
0.143000 0.740000 0.484170
0.571000 0.740000 0.362092
1.000000 0.740000 0.109997
0.000000 0.742222 0.476053
0.143000 0.742222 0.465981
0.571000 0.742222 0.361693
1.000000 0.742222 0.078623
0.000000 0.744444 0.475928
0.143000 0.744444 0.483492
0.571000 0.744444 0.447926
1.000000 0.744444 0.125496
0.000000 0.746667 0.502103
0.143000 0.746667 0.474646
0.571000 0.746667 0.404179
1.000000 0.746667 0.109549
0.000000 0.748889 0.527325
0.143000 0.748889 0.483607
0.571000 0.748889 0.360607
1.000000 0.748889 0.093573
0.000000 0.751111 0.527017
0.143000 0.751111 0.474343
0.571000 0.751111 0.273743
1.000000 0.751111 0.077351
0.000000 0.753333 0.424907
0.143000 0.753333 0.478365
0.571000 0.753333 0.403371
1.000000 0.753333 0.077033
0.000000 0.755556 0.421876
0.143000 0.755556 0.464119
0.571000 0.755556 0.273112
1.000000 0.755556 0.108884
0.000000 0.757778 0.420308
0.143000 0.757778 0.463809
0.571000 0.757778 0.359145
1.000000 0.757778 0.092778
0.000000 0.760000 0.447070
0.143000 0.760000 0.471696
0.571000 0.760000 0.401837
1.000000 0.760000 0.109000
0.000000 0.762222 0.421488
0.143000 0.762222 0.471664
0.571000 0.762222 0.401788
1.000000 0.762222 0.125900
0.000000 0.764444 0.525170
0.143000 0.764444 0.480353
0.571000 0.764444 0.271850
1.000000 0.764444 0.092309
0.000000 0.766667 0.445043
0.143000 0.766667 0.477868
0.571000 0.766667 0.314577
1.000000 0.766667 0.091868
0.000000 0.768889 0.420252
0.143000 0.768889 0.462257
0.571000 0.768889 0.400280
1.000000 0.768889 0.108451
0.000000 0.771111 0.524246
0.143000 0.771111 0.465933
0.571000 0.771111 0.357165
1.000000 0.771111 0.074491
0.000000 0.773333 0.444841
0.143000 0.773333 0.473059
0.571000 0.773333 0.313489
1.000000 0.773333 0.125026
0.000000 0.775556 0.470634
0.143000 0.775556 0.468849
0.571000 0.775556 0.356232
1.000000 0.775556 0.073856
0.000000 0.777778 0.444002
0.143000 0.777778 0.464784
0.571000 0.777778 0.355918
1.000000 0.777778 0.142902
0.000000 0.780000 0.440527
0.143000 0.780000 0.466947
0.571000 0.780000 0.440630
1.000000 0.780000 0.107599
0.000000 0.782222 0.522706
0.143000 0.782222 0.470898
0.571000 0.782222 0.354863
1.000000 0.782222 0.142209
0.000000 0.784444 0.442701
0.143000 0.784444 0.460084
0.571000 0.784444 0.439946
1.000000 0.784444 0.089991
0.000000 0.786667 0.522089
0.143000 0.786667 0.463352
0.571000 0.786667 0.311528
1.000000 0.786667 0.142960
0.000000 0.788889 0.417735
0.143000 0.788889 0.474631
0.571000 0.788889 0.268378
1.000000 0.788889 0.142960
0.000000 0.791111 0.415561
0.143000 0.791111 0.462601
0.571000 0.791111 0.438513
1.000000 0.791111 0.071632
0.000000 0.793333 0.494889
0.143000 0.793333 0.458842
0.571000 0.793333 0.310378
1.000000 0.793333 0.124485
0.000000 0.795556 0.494690
0.143000 0.795556 0.469182
0.571000 0.795556 0.267431
1.000000 0.795556 0.106516
0.000000 0.797778 0.493974
0.143000 0.797778 0.471565
0.571000 0.797778 0.437467
1.000000 0.797778 0.088576
0.000000 0.800000 0.520240
0.143000 0.800000 0.467903
0.571000 0.800000 0.266800
1.000000 0.800000 0.070362
0.000000 0.802222 0.492971
0.143000 0.802222 0.463702
0.571000 0.802222 0.436388
1.000000 0.802222 0.142151
0.000000 0.804444 0.410049
0.143000 0.804444 0.460163
0.571000 0.804444 0.393937
1.000000 0.804444 0.069727
0.000000 0.806667 0.491801
0.143000 0.806667 0.456979
0.571000 0.806667 0.265853
1.000000 0.806667 0.142382
0.000000 0.808889 0.491861
0.143000 0.808889 0.462309
0.571000 0.808889 0.307866
1.000000 0.808889 0.142266
0.000000 0.811111 0.465559
0.143000 0.811111 0.456358
0.571000 0.811111 0.435177
1.000000 0.811111 0.106040
0.000000 0.813333 0.438797
0.143000 0.813333 0.459198
0.571000 0.813333 0.349847
1.000000 0.813333 0.124637
0.000000 0.815556 0.464401
0.143000 0.815556 0.464574
0.571000 0.815556 0.349391
1.000000 0.815556 0.105665
0.000000 0.817778 0.517774
0.143000 0.817778 0.458330
0.571000 0.817778 0.264275
1.000000 0.817778 0.124262
0.000000 0.820000 0.408339
0.143000 0.820000 0.463103
0.571000 0.820000 0.348646
1.000000 0.820000 0.105406
0.000000 0.822222 0.408741
0.143000 0.822222 0.465623
0.571000 0.822222 0.348227
1.000000 0.822222 0.124190
0.000000 0.824444 0.435227
0.143000 0.824444 0.457114
0.571000 0.824444 0.390117
1.000000 0.824444 0.066869
0.000000 0.826667 0.461329
0.143000 0.826667 0.456558
0.571000 0.826667 0.389624
1.000000 0.826667 0.143191
0.000000 0.828889 0.433944
0.143000 0.828889 0.463955
0.571000 0.828889 0.347429
1.000000 0.828889 0.124775
0.000000 0.831111 0.433821
0.143000 0.831111 0.461049
0.571000 0.831111 0.346973
1.000000 0.831111 0.144116
0.000000 0.833333 0.432439
0.143000 0.833333 0.460070
0.571000 0.833333 0.346553
1.000000 0.833333 0.104858
0.000000 0.835556 0.460010
0.143000 0.835556 0.455134
0.571000 0.835556 0.429939
1.000000 0.835556 0.143249
0.000000 0.837778 0.459629
0.143000 0.837778 0.459310
0.571000 0.837778 0.388019
1.000000 0.837778 0.124501
0.000000 0.840000 0.431769
0.143000 0.840000 0.460766
0.571000 0.840000 0.386999
1.000000 0.840000 0.064648
0.000000 0.842222 0.402124
0.143000 0.842222 0.452008
0.571000 0.842222 0.302711
1.000000 0.842222 0.143364
0.000000 0.844444 0.485996
0.143000 0.844444 0.456848
0.571000 0.844444 0.343855
1.000000 0.844444 0.142382
0.000000 0.846667 0.404653
0.143000 0.846667 0.453547
0.571000 0.846667 0.343823
1.000000 0.846667 0.103501
0.000000 0.848889 0.513457
0.143000 0.848889 0.451076
0.571000 0.848889 0.259856
1.000000 0.848889 0.102880
0.000000 0.851111 0.513148
0.143000 0.851111 0.457256
0.571000 0.851111 0.301272
1.000000 0.851111 0.063061
0.000000 0.853333 0.402064
0.143000 0.853333 0.452304
0.571000 0.853333 0.259225
1.000000 0.853333 0.123296
0.000000 0.855556 0.512531
0.143000 0.855556 0.457840
0.571000 0.855556 0.258910
1.000000 0.855556 0.062427
0.000000 0.857778 0.456101
0.143000 0.857778 0.449833
0.571000 0.857778 0.341811
1.000000 0.857778 0.082394
0.000000 0.860000 0.455981
0.143000 0.860000 0.456176
0.571000 0.860000 0.383536
1.000000 0.860000 0.144289
0.000000 0.862222 0.400562
0.143000 0.862222 0.450875
0.571000 0.862222 0.424300
1.000000 0.862222 0.143538
0.000000 0.864444 0.511297
0.143000 0.864444 0.455932
0.571000 0.864444 0.341029
1.000000 0.864444 0.144347
0.000000 0.866667 0.483227
0.143000 0.866667 0.451742
0.571000 0.866667 0.423289
1.000000 0.866667 0.081501
0.000000 0.868889 0.399741
0.143000 0.868889 0.448279
0.571000 0.868889 0.339917
1.000000 0.868889 0.143538
0.000000 0.871111 0.454573
0.143000 0.871111 0.447968
0.571000 0.871111 0.298050
1.000000 0.871111 0.122532
0.000000 0.873333 0.451820
0.143000 0.873333 0.447657
0.571000 0.873333 0.380210
1.000000 0.873333 0.080773
0.000000 0.875556 0.453007
0.143000 0.875556 0.450591
0.571000 0.875556 0.421205
1.000000 0.875556 0.059572
0.000000 0.877778 0.453764
0.143000 0.877778 0.449650
0.571000 0.877778 0.420729
1.000000 0.877778 0.080340
0.000000 0.880000 0.423923
0.143000 0.880000 0.446724
0.571000 0.880000 0.296772
1.000000 0.880000 0.101700
0.000000 0.882222 0.423830
0.143000 0.882222 0.450266
0.571000 0.882222 0.296250
1.000000 0.882222 0.143538
0.000000 0.884444 0.508519
0.143000 0.884444 0.448930
0.571000 0.884444 0.254807
1.000000 0.884444 0.058304
0.000000 0.886667 0.449942
0.143000 0.886667 0.445791
0.571000 0.886667 0.295677
1.000000 0.886667 0.101282
0.000000 0.888889 0.422217
0.143000 0.888889 0.447032
0.571000 0.888889 0.295289
1.000000 0.888889 0.122678
0.000000 0.891111 0.452313
0.143000 0.891111 0.445170
0.571000 0.891111 0.336110
1.000000 0.891111 0.122728
0.000000 0.893333 0.479231
0.143000 0.893333 0.446814
0.571000 0.893333 0.294634
1.000000 0.893333 0.057036
0.000000 0.895556 0.478794
0.143000 0.895556 0.445325
0.571000 0.895556 0.375777
1.000000 0.895556 0.078424
0.000000 0.897778 0.393789
0.143000 0.897778 0.445851
0.571000 0.897778 0.416895
1.000000 0.897778 0.144636
0.000000 0.900000 0.506358
0.143000 0.900000 0.445496
0.571000 0.900000 0.334723
1.000000 0.900000 0.100736
0.000000 0.902222 0.477818
0.143000 0.902222 0.444322
0.571000 0.902222 0.415824
1.000000 0.902222 0.077956
0.000000 0.904444 0.477285
0.143000 0.904444 0.443304
0.571000 0.904444 0.416022
1.000000 0.904444 0.145560
0.000000 0.906667 0.418970
0.143000 0.906667 0.443450
0.571000 0.906667 0.292244
1.000000 0.906667 0.055134
0.000000 0.908889 0.476495
0.143000 0.908889 0.443422
0.571000 0.908889 0.414259
1.000000 0.908889 0.122094
0.000000 0.911111 0.446399
0.143000 0.911111 0.442479
0.571000 0.911111 0.251021
1.000000 0.911111 0.145560
0.000000 0.913333 0.504505
0.143000 0.913333 0.442630
0.571000 0.913333 0.291477
1.000000 0.913333 0.076985
0.000000 0.915556 0.419325
0.143000 0.915556 0.443734
0.571000 0.915556 0.372715
1.000000 0.915556 0.053867
0.000000 0.917778 0.475245
0.143000 0.917778 0.441805
0.571000 0.917778 0.250074
1.000000 0.917778 0.121214
0.000000 0.920000 0.474636
0.143000 0.920000 0.441126
0.571000 0.920000 0.371228
1.000000 0.920000 0.144578
0.000000 0.922222 0.444688
0.143000 0.922222 0.440362
0.571000 0.922222 0.330346
1.000000 0.922222 0.098805
0.000000 0.924444 0.473663
0.143000 0.924444 0.439424
0.571000 0.924444 0.249128
1.000000 0.924444 0.121713
0.000000 0.926667 0.473530
0.143000 0.926667 0.439728
0.571000 0.926667 0.369858
1.000000 0.926667 0.052283
0.000000 0.928889 0.413462
0.143000 0.928889 0.438938
0.571000 0.928889 0.369790
1.000000 0.928889 0.098735
0.000000 0.931111 0.382969
0.143000 0.931111 0.438991
0.571000 0.931111 0.409768
1.000000 0.931111 0.145618
0.000000 0.933333 0.501724
0.143000 0.933333 0.437102
0.571000 0.933333 0.368493
1.000000 0.933333 0.098042
0.000000 0.935556 0.444157
0.143000 0.935556 0.438740
0.571000 0.935556 0.407757
1.000000 0.935556 0.120710
0.000000 0.937778 0.443347
0.143000 0.937778 0.437327
0.571000 0.937778 0.407696
1.000000 0.937778 0.074183
0.000000 0.940000 0.500797
0.143000 0.940000 0.438132
0.571000 0.940000 0.246920
1.000000 0.940000 0.050383
0.000000 0.942222 0.500488
0.143000 0.942222 0.437502
0.571000 0.942222 0.406775
1.000000 0.942222 0.073752
0.000000 0.944444 0.500179
0.143000 0.944444 0.436632
0.571000 0.944444 0.366306
1.000000 0.944444 0.049749
0.000000 0.946667 0.470812
0.143000 0.946667 0.436876
0.571000 0.946667 0.245973
1.000000 0.946667 0.145618
0.000000 0.948889 0.440866
0.143000 0.948889 0.436373
0.571000 0.948889 0.325734
1.000000 0.948889 0.121536
0.000000 0.951111 0.441146
0.143000 0.951111 0.436771
0.571000 0.951111 0.285225
1.000000 0.951111 0.048800
0.000000 0.953333 0.441562
0.143000 0.953333 0.434955
0.571000 0.953333 0.405524
1.000000 0.953333 0.146601
0.000000 0.955556 0.469151
0.143000 0.955556 0.435177
0.571000 0.955556 0.403755
1.000000 0.955556 0.072356
0.000000 0.957778 0.469008
0.143000 0.957778 0.434978
0.571000 0.957778 0.324130
1.000000 0.957778 0.096821
0.000000 0.960000 0.381792
0.143000 0.960000 0.435526
0.571000 0.960000 0.283900
1.000000 0.960000 0.072083
0.000000 0.962222 0.497706
0.143000 0.962222 0.435215
0.571000 0.962222 0.362924
1.000000 0.962222 0.120931
0.000000 0.964444 0.408401
0.143000 0.964444 0.431149
0.571000 0.964444 0.401625
1.000000 0.964444 0.071378
0.000000 0.966667 0.380447
0.143000 0.966667 0.433642
0.571000 0.966667 0.243134
1.000000 0.966667 0.145792
0.000000 0.968889 0.408535
0.143000 0.968889 0.429786
0.571000 0.968889 0.282454
1.000000 0.968889 0.046267
0.000000 0.971111 0.466506
0.143000 0.971111 0.431054
0.571000 0.971111 0.321636
1.000000 0.971111 0.120874
0.000000 0.973333 0.466324
0.143000 0.973333 0.429153
0.571000 0.973333 0.360319
1.000000 0.973333 0.045634
0.000000 0.975556 0.495851
0.143000 0.975556 0.428775
0.571000 0.975556 0.281213
1.000000 0.975556 0.070248
0.000000 0.977778 0.495542
0.143000 0.977778 0.429892
0.571000 0.977778 0.320371
1.000000 0.977778 0.045002
0.000000 0.980000 0.495233
0.143000 0.980000 0.430913
0.571000 0.980000 0.241242
1.000000 0.980000 0.069947
0.000000 0.982222 0.406755
0.143000 0.982222 0.430977
0.571000 0.982222 0.240926
1.000000 0.982222 0.044369
0.000000 0.984444 0.465329
0.143000 0.984444 0.428049
0.571000 0.984444 0.279932
1.000000 0.984444 0.145907
0.000000 0.986667 0.464452
0.143000 0.986667 0.426733
0.571000 0.986667 0.397384
1.000000 0.986667 0.043736
0.000000 0.988889 0.464346
0.143000 0.988889 0.429792
0.571000 0.988889 0.279068
1.000000 0.988889 0.145156
0.000000 0.991111 0.435222
0.143000 0.991111 0.427051
0.571000 0.991111 0.239665
1.000000 0.991111 0.069050
0.000000 0.993333 0.493377
0.143000 0.993333 0.422956
0.571000 0.993333 0.356632
1.000000 0.993333 0.094318
0.000000 0.995556 0.493068
0.143000 0.995556 0.422794
0.571000 0.995556 0.395815
1.000000 0.995556 0.068532
0.000000 0.997778 0.372492
0.143000 0.997778 0.423989
0.571000 0.997778 0.277598
1.000000 0.997778 0.093626
