# x t U_fused (best random λ per-pixel)
0.000000 0.000000 0.581339
0.143000 0.000000 0.618792
0.571000 0.000000 0.380204
1.000000 0.000000 0.094441
0.000000 0.005556 0.612140
0.143000 0.005556 0.567983
0.571000 0.005556 0.379420
1.000000 0.005556 0.154856
0.000000 0.011111 0.551180
0.143000 0.011111 0.580813
0.571000 0.011111 0.378636
1.000000 0.011111 0.122754
0.000000 0.016667 0.607914
0.143000 0.016667 0.592119
0.571000 0.016667 0.377851
1.000000 0.016667 0.182849
0.000000 0.022222 0.605958
0.143000 0.022222 0.588952
0.571000 0.022222 0.418418
1.000000 0.022222 0.152045
0.000000 0.027778 0.541031
0.143000 0.027778 0.564937
0.571000 0.027778 0.417310
1.000000 0.027778 0.151994
0.000000 0.033333 0.537110
0.143000 0.033333 0.574268
0.571000 0.033333 0.495548
1.000000 0.033333 0.062207
0.000000 0.038889 0.624722
0.143000 0.038889 0.594115
0.571000 0.038889 0.495248
1.000000 0.038889 0.150535
0.000000 0.044444 0.554859
0.143000 0.044444 0.562651
0.571000 0.044444 0.452739
1.000000 0.044444 0.119546
0.000000 0.050000 0.599775
0.143000 0.050000 0.570483
0.571000 0.050000 0.450292
1.000000 0.050000 0.056833
0.000000 0.055556 0.531900
0.143000 0.055556 0.599649
0.571000 0.055556 0.451605
1.000000 0.055556 0.060936
0.000000 0.061111 0.621709
0.143000 0.061111 0.599084
0.571000 0.061111 0.411219
1.000000 0.061111 0.060185
0.000000 0.066667 0.620955
0.143000 0.066667 0.599983
0.571000 0.066667 0.410828
1.000000 0.066667 0.146828
0.000000 0.072222 0.575510
0.143000 0.072222 0.578901
0.571000 0.072222 0.370006
1.000000 0.072222 0.117432
0.000000 0.077778 0.533978
0.143000 0.077778 0.589155
0.571000 0.077778 0.449761
1.000000 0.077778 0.116974
0.000000 0.083333 0.554523
0.143000 0.083333 0.598339
0.571000 0.083333 0.488841
1.000000 0.083333 0.144466
0.000000 0.088889 0.617938
0.143000 0.088889 0.598794
0.571000 0.088889 0.489080
1.000000 0.088889 0.172453
0.000000 0.094444 0.553711
0.143000 0.094444 0.589084
0.571000 0.094444 0.448932
1.000000 0.094444 0.088702
0.000000 0.100000 0.616429
0.143000 0.100000 0.595975
0.571000 0.100000 0.406310
1.000000 0.100000 0.058047
0.000000 0.105556 0.615674
0.143000 0.105556 0.583883
0.571000 0.105556 0.405213
1.000000 0.105556 0.170054
0.000000 0.111111 0.571103
0.143000 0.111111 0.594299
0.571000 0.111111 0.485181
1.000000 0.111111 0.114084
0.000000 0.116667 0.523694
0.143000 0.116667 0.581801
0.571000 0.116667 0.443261
1.000000 0.116667 0.140665
0.000000 0.122222 0.521020
0.143000 0.122222 0.561270
0.571000 0.122222 0.402381
1.000000 0.122222 0.056660
0.000000 0.127778 0.567846
0.143000 0.127778 0.587747
0.571000 0.127778 0.362153
1.000000 0.127778 0.138975
0.000000 0.133333 0.566544
0.143000 0.133333 0.559927
0.571000 0.133333 0.361367
1.000000 0.133333 0.138808
0.000000 0.138889 0.541188
0.143000 0.138889 0.559038
0.571000 0.138889 0.400217
1.000000 0.138889 0.165256
0.000000 0.144444 0.563312
0.143000 0.144444 0.574625
0.571000 0.144444 0.437387
1.000000 0.144444 0.082006
0.000000 0.150000 0.540350
0.143000 0.150000 0.548144
0.571000 0.150000 0.359010
1.000000 0.150000 0.083496
0.000000 0.155556 0.562331
0.143000 0.155556 0.547379
0.571000 0.155556 0.475297
1.000000 0.155556 0.136063
0.000000 0.161111 0.608116
0.143000 0.161111 0.555657
0.571000 0.161111 0.436013
1.000000 0.161111 0.162058
0.000000 0.166667 0.539612
0.143000 0.166667 0.554883
0.571000 0.166667 0.474353
1.000000 0.166667 0.055563
0.000000 0.172222 0.606602
0.143000 0.172222 0.563511
0.571000 0.172222 0.395211
1.000000 0.172222 0.081397
0.000000 0.177778 0.558199
0.143000 0.177778 0.562048
0.571000 0.177778 0.433743
1.000000 0.177778 0.081370
0.000000 0.183333 0.532964
0.143000 0.183333 0.568322
0.571000 0.183333 0.392984
1.000000 0.183333 0.106114
0.000000 0.188889 0.604331
0.143000 0.188889 0.551748
0.571000 0.188889 0.471725
1.000000 0.188889 0.056719
0.000000 0.194444 0.512015
0.143000 0.194444 0.569050
0.571000 0.194444 0.392135
1.000000 0.194444 0.132140
0.000000 0.200000 0.532720
0.143000 0.200000 0.549913
0.571000 0.200000 0.469305
1.000000 0.200000 0.055621
0.000000 0.205556 0.554970
0.143000 0.205556 0.577426
0.571000 0.205556 0.351148
1.000000 0.205556 0.107809
0.000000 0.211111 0.578071
0.143000 0.211111 0.539724
0.571000 0.211111 0.388973
1.000000 0.211111 0.080085
0.000000 0.216667 0.529076
0.143000 0.216667 0.538957
0.571000 0.216667 0.426950
1.000000 0.216667 0.154064
0.000000 0.222222 0.550784
0.143000 0.222222 0.545503
0.571000 0.222222 0.424568
1.000000 0.222222 0.153265
0.000000 0.227778 0.550957
0.143000 0.227778 0.560456
0.571000 0.227778 0.424518
1.000000 0.227778 0.103119
0.000000 0.233333 0.525674
0.143000 0.233333 0.544412
0.571000 0.233333 0.462584
1.000000 0.233333 0.054928
0.000000 0.238889 0.523626
0.143000 0.238889 0.543364
0.571000 0.238889 0.384709
1.000000 0.238889 0.150867
0.000000 0.244444 0.596751
0.143000 0.244444 0.549959
0.571000 0.244444 0.421699
1.000000 0.244444 0.077715
0.000000 0.250000 0.595992
0.143000 0.250000 0.565071
0.571000 0.250000 0.344855
1.000000 0.250000 0.078989
0.000000 0.255556 0.595233
0.143000 0.255556 0.553400
0.571000 0.255556 0.381650
1.000000 0.255556 0.148469
0.000000 0.261111 0.568448
0.143000 0.261111 0.556245
0.571000 0.261111 0.343281
1.000000 0.261111 0.147670
0.000000 0.266667 0.568253
0.143000 0.266667 0.538673
0.571000 0.266667 0.417864
1.000000 0.266667 0.123784
0.000000 0.272222 0.592955
0.143000 0.272222 0.537525
0.571000 0.272222 0.453505
1.000000 0.272222 0.053367
0.000000 0.277778 0.565966
0.143000 0.277778 0.536693
0.571000 0.277778 0.340920
1.000000 0.277778 0.077991
0.000000 0.283333 0.565511
0.143000 0.283333 0.552889
0.571000 0.283333 0.377062
1.000000 0.283333 0.144474
0.000000 0.288889 0.512423
0.143000 0.288889 0.545903
0.571000 0.288889 0.339346
1.000000 0.288889 0.121271
0.000000 0.294444 0.536445
0.143000 0.294444 0.549001
0.571000 0.294444 0.338558
1.000000 0.294444 0.053599
0.000000 0.300000 0.538965
0.143000 0.300000 0.539211
0.571000 0.300000 0.374674
1.000000 0.300000 0.055737
0.000000 0.305556 0.485235
0.143000 0.305556 0.532122
0.571000 0.305556 0.446812
1.000000 0.305556 0.054581
0.000000 0.311111 0.561059
0.143000 0.311111 0.535700
0.571000 0.311111 0.372414
1.000000 0.311111 0.075059
0.000000 0.316667 0.505761
0.143000 0.316667 0.538522
0.571000 0.316667 0.335409
1.000000 0.316667 0.117827
0.000000 0.322222 0.586114
0.143000 0.322222 0.533873
0.571000 0.322222 0.334621
1.000000 0.322222 0.055102
0.000000 0.327778 0.556895
0.143000 0.327778 0.534217
0.571000 0.327778 0.475188
1.000000 0.327778 0.073376
0.000000 0.333333 0.557025
0.143000 0.333333 0.530456
0.571000 0.333333 0.333046
1.000000 0.333333 0.116232
0.000000 0.338889 0.528777
0.143000 0.338889 0.533340
0.571000 0.338889 0.332259
1.000000 0.338889 0.074147
0.000000 0.344444 0.470146
0.143000 0.344444 0.524588
0.571000 0.344444 0.366551
1.000000 0.344444 0.052732
0.000000 0.350000 0.582308
0.143000 0.350000 0.523435
0.571000 0.350000 0.400058
1.000000 0.350000 0.134887
0.000000 0.355556 0.554644
0.143000 0.355556 0.523880
0.571000 0.355556 0.401484
1.000000 0.355556 0.076279
0.000000 0.361111 0.468618
0.143000 0.361111 0.532181
0.571000 0.361111 0.434686
1.000000 0.361111 0.074389
0.000000 0.366667 0.495950
0.143000 0.366667 0.530611
0.571000 0.366667 0.433145
1.000000 0.366667 0.093334
0.000000 0.372222 0.522088
0.143000 0.372222 0.523053
0.571000 0.372222 0.327532
1.000000 0.372222 0.112343
0.000000 0.377778 0.520998
0.143000 0.377778 0.519304
0.571000 0.377778 0.326744
1.000000 0.377778 0.073617
0.000000 0.383333 0.577737
0.143000 0.383333 0.522480
0.571000 0.383333 0.325957
1.000000 0.383333 0.091616
0.000000 0.388889 0.547460
0.143000 0.388889 0.517194
0.571000 0.388889 0.428525
1.000000 0.388889 0.092026
0.000000 0.394444 0.486843
0.143000 0.394444 0.518871
0.571000 0.394444 0.324381
1.000000 0.394444 0.128499
0.000000 0.400000 0.459243
0.143000 0.400000 0.521560
0.571000 0.400000 0.323593
1.000000 0.400000 0.109681
0.000000 0.405556 0.544207
0.143000 0.405556 0.515325
0.571000 0.405556 0.389518
1.000000 0.405556 0.089702
0.000000 0.411111 0.455084
0.143000 0.411111 0.512063
0.571000 0.411111 0.322017
1.000000 0.411111 0.089736
0.000000 0.416667 0.452937
0.143000 0.416667 0.512308
0.571000 0.416667 0.421906
1.000000 0.416667 0.107639
0.000000 0.422222 0.453570
0.143000 0.422222 0.511428
0.571000 0.422222 0.386915
1.000000 0.422222 0.089082
0.000000 0.427778 0.571635
0.143000 0.427778 0.509761
0.571000 0.427778 0.319652
1.000000 0.427778 0.123709
0.000000 0.433333 0.570872
0.143000 0.433333 0.508069
0.571000 0.433333 0.447661
1.000000 0.433333 0.122911
0.000000 0.438889 0.540003
0.143000 0.438889 0.508345
0.571000 0.438889 0.415494
1.000000 0.438889 0.104652
0.000000 0.444444 0.446999
0.143000 0.444444 0.507751
0.571000 0.444444 0.350419
1.000000 0.444444 0.121315
0.000000 0.450000 0.568581
0.143000 0.450000 0.506550
0.571000 0.450000 0.349091
1.000000 0.450000 0.087088
0.000000 0.455556 0.537880
0.143000 0.455556 0.506618
0.571000 0.455556 0.348429
1.000000 0.455556 0.070693
0.000000 0.461111 0.567053
0.143000 0.461111 0.502083
0.571000 0.461111 0.444354
1.000000 0.461111 0.069714
0.000000 0.466667 0.504291
0.143000 0.466667 0.503533
0.571000 0.466667 0.379832
1.000000 0.466667 0.056258
0.000000 0.472222 0.534477
0.143000 0.472222 0.501411
0.571000 0.472222 0.313345
1.000000 0.472222 0.101279
0.000000 0.477778 0.564761
0.143000 0.477778 0.499646
0.571000 0.477778 0.376937
1.000000 0.477778 0.100897
0.000000 0.483333 0.472904
0.143000 0.483333 0.502040
0.571000 0.483333 0.311769
1.000000 0.483333 0.087815
0.000000 0.488889 0.563232
0.143000 0.488889 0.496853
0.571000 0.488889 0.310980
1.000000 0.488889 0.099932
0.000000 0.494444 0.432221
0.143000 0.494444 0.498839
0.571000 0.494444 0.310192
1.000000 0.494444 0.069818
0.000000 0.500000 0.528800
0.143000 0.500000 0.492525
0.571000 0.500000 0.309403
1.000000 0.500000 0.113338
0.000000 0.505556 0.495866
0.143000 0.505556 0.494954
0.571000 0.505556 0.434565
1.000000 0.505556 0.112540
0.000000 0.511111 0.527848
0.143000 0.511111 0.493774
0.571000 0.511111 0.401041
1.000000 0.511111 0.053369
0.000000 0.516667 0.464320
0.143000 0.516667 0.496152
0.571000 0.516667 0.404075
1.000000 0.516667 0.110945
0.000000 0.522222 0.558642
0.143000 0.522222 0.487990
0.571000 0.522222 0.306248
1.000000 0.522222 0.068821
0.000000 0.527778 0.491098
0.143000 0.527778 0.490663
0.571000 0.527778 0.399676
1.000000 0.527778 0.109351
0.000000 0.533333 0.457328
0.143000 0.533333 0.495090
0.571000 0.533333 0.304671
1.000000 0.533333 0.095220
0.000000 0.538889 0.522414
0.143000 0.538889 0.490693
0.571000 0.538889 0.334082
1.000000 0.538889 0.052098
0.000000 0.544444 0.454861
0.143000 0.544444 0.487286
0.571000 0.544444 0.364901
1.000000 0.544444 0.094227
0.000000 0.550000 0.554814
0.143000 0.550000 0.485392
0.571000 0.550000 0.302305
1.000000 0.550000 0.061402
0.000000 0.555556 0.554048
0.143000 0.555556 0.484590
0.571000 0.555556 0.301516
1.000000 0.555556 0.105365
0.000000 0.561111 0.418006
0.143000 0.561111 0.491226
0.571000 0.561111 0.300727
1.000000 0.561111 0.079980
0.000000 0.566667 0.484313
0.143000 0.566667 0.482559
0.571000 0.566667 0.360404
1.000000 0.566667 0.091677
0.000000 0.572222 0.415456
0.143000 0.572222 0.473325
0.571000 0.572222 0.419366
1.000000 0.572222 0.079097
0.000000 0.577778 0.483636
0.143000 0.577778 0.484916
0.571000 0.577778 0.388371
1.000000 0.577778 0.055508
0.000000 0.583333 0.443950
0.143000 0.583333 0.488134
0.571000 0.583333 0.357590
1.000000 0.583333 0.078936
0.000000 0.588889 0.412758
0.143000 0.588889 0.487360
0.571000 0.588889 0.415602
1.000000 0.588889 0.078075
0.000000 0.594444 0.548683
0.143000 0.594444 0.471199
0.571000 0.594444 0.354388
1.000000 0.594444 0.065147
0.000000 0.600000 0.443202
0.143000 0.600000 0.485813
0.571000 0.600000 0.324999
1.000000 0.600000 0.077943
0.000000 0.605556 0.512367
0.143000 0.605556 0.474756
0.571000 0.605556 0.294416
1.000000 0.605556 0.087350
0.000000 0.611111 0.441065
0.143000 0.611111 0.484266
0.571000 0.611111 0.352737
1.000000 0.611111 0.097398
0.000000 0.616667 0.405196
0.143000 0.616667 0.478130
0.571000 0.616667 0.322148
1.000000 0.616667 0.066259
0.000000 0.622222 0.510425
0.143000 0.622222 0.462541
0.571000 0.622222 0.409654
1.000000 0.622222 0.076321
0.000000 0.627778 0.544080
0.143000 0.627778 0.459652
0.571000 0.627778 0.378599
1.000000 0.627778 0.095010
0.000000 0.633333 0.474394
0.143000 0.633333 0.481170
0.571000 0.633333 0.377958
1.000000 0.633333 0.075323
0.000000 0.638889 0.437146
0.143000 0.638889 0.458086
0.571000 0.638889 0.289682
1.000000 0.638889 0.066329
0.000000 0.644444 0.398208
0.143000 0.644444 0.461626
0.571000 0.644444 0.347330
1.000000 0.644444 0.066390
0.000000 0.650000 0.433288
0.143000 0.650000 0.472815
0.571000 0.650000 0.317382
1.000000 0.650000 0.091825
0.000000 0.655556 0.397812
0.143000 0.655556 0.453772
0.571000 0.655556 0.287315
1.000000 0.655556 0.091029
0.000000 0.661111 0.503568
0.143000 0.661111 0.477298
0.571000 0.661111 0.315272
1.000000 0.661111 0.090234
0.000000 0.666667 0.467659
0.143000 0.666667 0.464470
0.571000 0.666667 0.344225
1.000000 0.666667 0.067415
0.000000 0.672222 0.430416
0.143000 0.672222 0.462188
0.571000 0.672222 0.313124
1.000000 0.672222 0.080330
0.000000 0.677778 0.394675
0.143000 0.677778 0.454931
0.571000 0.677778 0.368901
1.000000 0.677778 0.071908
0.000000 0.683333 0.499662
0.143000 0.683333 0.474199
0.571000 0.683333 0.311650
1.000000 0.683333 0.056491
0.000000 0.688889 0.499866
0.143000 0.688889 0.452835
0.571000 0.688889 0.310775
1.000000 0.688889 0.056433
0.000000 0.694444 0.425495
0.143000 0.694444 0.458435
0.571000 0.694444 0.367152
1.000000 0.694444 0.071871
0.000000 0.700000 0.461596
0.143000 0.700000 0.443536
0.571000 0.700000 0.366205
1.000000 0.700000 0.071560
0.000000 0.705556 0.460255
0.143000 0.705556 0.440886
0.571000 0.705556 0.280214
1.000000 0.705556 0.076924
0.000000 0.711111 0.496007
0.143000 0.711111 0.470324
0.571000 0.711111 0.307833
1.000000 0.711111 0.059438
0.000000 0.716667 0.422526
0.143000 0.716667 0.462015
0.571000 0.716667 0.362557
1.000000 0.716667 0.070079
0.000000 0.722222 0.456533
0.143000 0.722222 0.452543
0.571000 0.722222 0.388664
1.000000 0.722222 0.069306
0.000000 0.727778 0.494335
0.143000 0.727778 0.461040
0.571000 0.727778 0.305883
1.000000 0.727778 0.076272
0.000000 0.733333 0.382558
0.143000 0.733333 0.451359
0.571000 0.733333 0.304034
1.000000 0.733333 0.063642
0.000000 0.738889 0.419437
0.143000 0.738889 0.443111
0.571000 0.738889 0.386910
1.000000 0.738889 0.079099
0.000000 0.744444 0.453924
0.143000 0.744444 0.441127
0.571000 0.744444 0.274690
1.000000 0.744444 0.078305
0.000000 0.750000 0.379000
0.143000 0.750000 0.440067
0.571000 0.750000 0.273901
1.000000 0.750000 0.068070
0.000000 0.755556 0.449175
0.143000 0.755556 0.454877
0.571000 0.755556 0.300473
1.000000 0.755556 0.058167
0.000000 0.761111 0.412852
0.143000 0.761111 0.445704
0.571000 0.761111 0.381644
1.000000 0.761111 0.062996
0.000000 0.766667 0.374272
0.143000 0.766667 0.435964
0.571000 0.766667 0.326306
1.000000 0.766667 0.067282
0.000000 0.772222 0.448256
0.143000 0.772222 0.433893
0.571000 0.772222 0.297626
1.000000 0.772222 0.065874
0.000000 0.777778 0.372314
0.143000 0.777778 0.451912
0.571000 0.777778 0.297166
1.000000 0.777778 0.070027
0.000000 0.783333 0.447900
0.143000 0.783333 0.434322
0.571000 0.783333 0.296995
1.000000 0.783333 0.065452
0.000000 0.788889 0.407830
0.143000 0.788889 0.459463
0.571000 0.788889 0.322312
1.000000 0.788889 0.071950
0.000000 0.794444 0.407006
0.143000 0.794444 0.458687
0.571000 0.794444 0.267589
1.000000 0.794444 0.068428
0.000000 0.800000 0.406442
0.143000 0.800000 0.438995
0.571000 0.800000 0.320950
1.000000 0.800000 0.065565
0.000000 0.805556 0.402152
0.143000 0.805556 0.446882
0.571000 0.805556 0.292748
1.000000 0.805556 0.059612
0.000000 0.811111 0.480417
0.143000 0.811111 0.416178
0.571000 0.811111 0.265222
1.000000 0.811111 0.060862
0.000000 0.816667 0.480138
0.143000 0.816667 0.446002
0.571000 0.816667 0.291393
1.000000 0.816667 0.062961
0.000000 0.822222 0.517158
0.143000 0.822222 0.412470
0.571000 0.822222 0.368474
1.000000 0.822222 0.058052
0.000000 0.827778 0.359893
0.143000 0.827778 0.454028
0.571000 0.827778 0.368805
1.000000 0.827778 0.064828
0.000000 0.833333 0.439165
0.143000 0.833333 0.432965
0.571000 0.833333 0.368342
1.000000 0.833333 0.061057
0.000000 0.838889 0.437530
0.143000 0.838889 0.442023
0.571000 0.838889 0.287756
1.000000 0.838889 0.063883
0.000000 0.844444 0.436320
0.143000 0.844444 0.408687
0.571000 0.844444 0.260488
1.000000 0.844444 0.061016
0.000000 0.850000 0.473427
0.143000 0.850000 0.439396
0.571000 0.850000 0.259699
1.000000 0.850000 0.063220
0.000000 0.855556 0.512531
0.143000 0.855556 0.415680
0.571000 0.855556 0.284829
1.000000 0.855556 0.061251
0.000000 0.861111 0.432669
0.143000 0.861111 0.437990
0.571000 0.861111 0.258121
1.000000 0.861111 0.061201
0.000000 0.866667 0.357137
0.143000 0.866667 0.415907
0.571000 0.866667 0.334966
1.000000 0.866667 0.060841
0.000000 0.872222 0.510217
0.143000 0.872222 0.424707
0.571000 0.872222 0.358729
1.000000 0.872222 0.059867
0.000000 0.877778 0.509445
0.143000 0.877778 0.424984
0.571000 0.877778 0.336082
1.000000 0.877778 0.066085
0.000000 0.883333 0.469342
0.143000 0.883333 0.423412
0.571000 0.883333 0.332902
1.000000 0.883333 0.061405
0.000000 0.888889 0.468593
0.143000 0.888889 0.399015
0.571000 0.888889 0.279816
1.000000 0.888889 0.060999
0.000000 0.894444 0.507130
0.143000 0.894444 0.444703
0.571000 0.894444 0.356078
1.000000 0.894444 0.056877
0.000000 0.900000 0.426102
0.143000 0.900000 0.395356
0.571000 0.900000 0.329398
1.000000 0.900000 0.057458
0.000000 0.905556 0.348256
0.143000 0.905556 0.419777
0.571000 0.905556 0.329200
1.000000 0.905556 0.059042
0.000000 0.911111 0.347894
0.143000 0.911111 0.394912
0.571000 0.911111 0.251021
1.000000 0.911111 0.054501
0.000000 0.916667 0.504041
0.143000 0.916667 0.416813
0.571000 0.916667 0.250232
1.000000 0.916667 0.055589
0.000000 0.922222 0.423010
0.143000 0.922222 0.440815
0.571000 0.922222 0.249443
1.000000 0.922222 0.052916
0.000000 0.927778 0.502497
0.143000 0.927778 0.389225
0.571000 0.927778 0.248655
1.000000 0.927778 0.059214
0.000000 0.933333 0.462213
0.143000 0.933333 0.414918
0.571000 0.933333 0.324142
1.000000 0.933333 0.056946
0.000000 0.938889 0.422509
0.143000 0.938889 0.438482
0.571000 0.938889 0.247077
1.000000 0.938889 0.057764
0.000000 0.944444 0.341022
0.143000 0.944444 0.425218
0.571000 0.944444 0.246289
1.000000 0.944444 0.055866
0.000000 0.950000 0.377563
0.143000 0.950000 0.399157
0.571000 0.950000 0.297540
1.000000 0.950000 0.062150
0.000000 0.955556 0.379612
0.143000 0.955556 0.398382
0.571000 0.955556 0.344859
1.000000 0.955556 0.051447
0.000000 0.961111 0.376383
0.143000 0.961111 0.382792
0.571000 0.961111 0.268772
1.000000 0.961111 0.057420
0.000000 0.966667 0.335995
0.143000 0.966667 0.421699
0.571000 0.966667 0.268385
1.000000 0.966667 0.063254
0.000000 0.972222 0.455592
0.143000 0.972222 0.407194
0.571000 0.972222 0.342183
1.000000 0.972222 0.054032
0.000000 0.977778 0.495542
0.143000 0.977778 0.378152
0.571000 0.977778 0.291026
1.000000 0.977778 0.061751
0.000000 0.983333 0.373015
0.143000 0.983333 0.418949
0.571000 0.983333 0.290834
1.000000 0.983333 0.053992
0.000000 0.988889 0.413383
0.143000 0.988889 0.418237
0.571000 0.988889 0.289896
1.000000 0.988889 0.048494
0.000000 0.994444 0.493223
0.143000 0.994444 0.403599
0.571000 0.994444 0.338557
1.000000 0.994444 0.053086
